0.1                       3.8628461459937813E-45
0.1059869818882502        4.686406237188677E-45
0.11233240329780274       5.979017041825923E-45
0.11905772393787836       8.031689322115208E-45
0.12618568830660204       1.1360941346147565E-44
0.13374040261108217       1.6906819901352922E-44
0.1417474162926805        2.6425348858273714E-44
0.1502338084331859        4.328427214993E-44
0.1592282793341092        7.411323637856674E-44
0.16876124757881478       1.3230209883856822E-43
0.1788649529057435        2.455782394505858E-43
0.1895735652406376        4.7276546124925936E-43
0.20092330025650468       9.416083654102071E-43
0.2129525418521362        1.935826447981655E-42
0.22570197196339203       4.0992666485207764E-42
0.2392147081462638        8.923323734959668E-42
0.25353644939701114       1.9930969731721642E-41
0.26871563070252286       4.560411468512447E-41
0.2848035868435802        1.0677387086266105E-40
0.3018547260049922        2.5593932406056178E-40
0.31992671377973836       6.331961746252408E-40
0.3390806681894053        1.6987099785111306E-39
0.35938136638046275       6.095437152048297E-39
0.38089746369540706       3.99856950552678E-38
0.40370172585965547       3.970111255043148E-37
0.42787127506942646       4.131570672595342E-36
0.4534878508128582        3.938304685428063E-35
0.480638086306439         3.345816162830509E-34
0.509413801481638         2.5298748165861952E-33
0.5399123135125903        1.7101584908339047E-32
0.5722367659350217        1.0394367793294014E-31
0.60649647746946          5.713815411947465E-31
0.6428073117284321        2.8568459017059962E-30
0.6812920690579614        1.3062670835066E-29
0.7220809018385463        5.490230443841932E-29
0.7653117546501339        2.1314133515495643E-28
0.8111308307896871        7.677938240525668E-28
0.8596930867190791        2.5773494197601064E-27
0.9111627561154891        8.093879960256801E-27
0.9657139052966048        2.3861724725448285E-26
1.0235310218990263        6.622514169806856E-26
1.0848096388007427        1.7332845583008644E-25
1.1497569953977356        4.2782451804736135E-25
1.2185927384710877        9.935852285137331E-25
1.2915496650148839        2.1604353408008714E-24
1.3688745095370807        4.370306196697126E-24
1.4508287784959395        8.188722772809043E-24
1.537689634694013         1.423483187948503E-23
1.6297508346206442        2.315503714941046E-23
1.7273237219129889        3.56857365799681E-23
1.8307382802953678        5.2745296727524404E-23
1.9403442495579148        7.549198504121076E-23
2.0565123083486516        1.0534534010663927E-22
2.1796353277791214        1.4399224088752616E-22
2.3101297000831593        1.9339032278953891E-22
2.448436746822227         2.557713925734705E-22
2.595024211399736         3.336435913280873E-22
2.7503878409319458        4.297903843399094E-22
2.9150530628251756        5.472646147729282E-22
3.089576761729402         6.893760275428349E-22
3.2745491628777286        8.596707306262385E-22
3.4705958281810667        1.0619010720505085E-21
3.6783797718286326        1.2999844461661301E-21
3.898603702549072         1.5779496603789862E-21
4.132012400115337         1.899869735917196E-21
4.379395234130494         2.269780415475303E-21
4.641588833612779         2.691584230174641E-21
4.919479916408218         3.168940751672576E-21
5.214008287999684         3.705144621755209E-21
5.52617001985409          4.302994090374243E-21
5.857020818056667         4.964654055618879E-21
6.207679593624761         5.691518904036144E-21
6.579332246575679         6.484081679374155E-21
6.97323567654597          7.341817111493827E-21
7.390722033525779         8.263086642456179E-21
7.83320322308388          9.245073620433216E-21
8.302175681319744         1.028375614941585E-20
8.79922543569107          1.1373923601285132E-20
9.326033468832199         1.250924052800546E-20
9.88438140350333          1.3682358781415707E-20
10.476157527896651        1.4885075299132823E-20
11.103363181676379        1.6108529585814764E-20
11.768119524349979        1.7343431798651347E-20
12.472674708860454        1.8580309912808633E-20
13.219411484660288        1.9809762997847076E-20
14.010855255980173        2.102270734856458E-20
14.84968262254465         2.221060308932263E-20
15.738730431619029        2.3365650756406675E-20
16.68100537200059         2.44809499814186E-20
17.6796941424003          2.555061540729206E-20
18.73817422860383         2.6569848022242147E-20
19.86002532585912         2.7534962902360734E-20
21.049041445120196        2.844337670175193E-20
22.309243744089834        2.9293560005256696E-20
23.64489412645407         3.008496083214912E-20
25.0605096553008          3.0817906181658475E-20
26.560877829466868        3.1493488613327995E-20
28.1510727744773          3.2113444545848434E-20
29.836472402833405        3.268003033040323E-20
31.622776601683793        3.319590129957703E-20
