0.1                       -4.0402621125089875E-52
0.1059869818882502        -4.901647347144891E-52
0.11233240329780274       -6.2536262411559575E-52
0.11905772393787836       -8.400575337756992E-52
0.12618568830660204       -1.1882735979759825E-51
0.13374040261108217       -1.7683330194574974E-51
0.1417474162926805        -2.7639033957550954E-51
0.1502338084331859        -4.5272267707648704E-51
0.1592282793341092        -7.751716989461196E-51
0.16876124757881478       -1.3837857816244148E-50
0.1788649529057435        -2.568573582817624E-50
0.1895735652406376        -4.944790211666106E-50
0.20092330025650468       -9.848553268252029E-50
0.2129525418521362        -2.024736673049623E-49
0.22570197196339203       -4.287541129004246E-49
0.2392147081462638        -9.333161405255873E-49
0.25353644939701114       -2.0846371951866053E-48
0.26871563070252286       -4.769848277272357E-48
0.2848035868435802        -1.116712260766729E-47
0.3018547260049922        -2.6748829892672844E-47
0.31992671377973836       -6.569183876307805E-47
0.3390806681894053        -1.6542715821642509E-46
0.35938136638046275       -3.7190978632220775E-46
0.38089746369540706       1.777904471262869E-45
0.40370172585965547       9.918552950596114E-44
0.42787127506942646       2.8354252986949566E-42
0.4534878508128582        6.508190972574656E-41
0.480638086306439         1.2473627165420715E-39
0.509413801481638         2.023582592079532E-38
0.5399123135125903        2.80710600715147E-37
0.5722367659350217        3.360251601005251E-36
0.60649647746946          3.500642590761032E-35
0.6428073117284321        3.19921745422967E-34
0.6812920690579614        2.5840912350603492E-33
0.7220809018385463        1.8577785846917688E-32
0.7653117546501339        1.196665982959641E-31
0.8111308307896871        6.949274173070568E-31
0.8596930867190791        3.659410497054549E-30
0.9111627561154891        1.7567630575416574E-29
0.9657139052966048        7.725644331355467E-29
1.0235310218990263        3.124897884644054E-28
1.0848096388007427        1.165947862018871E-27
1.1497569953977356        4.0176345184595885E-27
1.2185927384710877        1.2769117587697656E-26
1.2915496650148839        3.7285195388589126E-26
1.3688745095370807        9.948259219744444E-26
1.4508287784959395        2.417054828038973E-25
1.537689634694013         5.36082354810924E-25
1.6297508346206442        1.0956510067576506E-24
1.7273237219129889        2.0910321571564604E-24
1.8307382802953678        3.7750514020792866E-24
1.9403442495579148        6.5144687149500716E-24
2.0565123083486516        1.0827326611653514E-23
2.1796353277791214        1.74250967415652E-23
2.3101297000831593        2.72588967246799E-23
2.448436746822227         4.1568651792092005E-23
2.595024211399736         6.193366799486193E-23
2.7503878409319458        9.032283024324673E-23
2.9150530628251756        1.2914252814792355E-22
3.089576761729402         1.812803951616239E-22
3.2745491628777286        2.5014297048489465E-22
3.4705958281810667        3.396854137334009E-22
3.6783797718286326        4.54431385492262E-22
3.898603702549072         5.994811346805137E-22
4.132012400115337         7.805057091782122E-22
4.379395234130494         1.0037250570298036E-21
4.641588833612779         1.275867664973832E-21
4.919479916408218         1.604109365557833E-21
5.214008287999684         1.9959891265884085E-21
5.52617001985409          2.4593001145943366E-21
5.857020818056667         3.0019551825155986E-21
6.207679593624761         3.631827223088716E-21
6.579332246575679         4.3565665498859756E-21
6.97323567654597          5.183399537782355E-21
7.390722033525779         6.1189150033888125E-21
7.83320322308388          7.16884697174777E-21
8.302175681319744         8.337864223395537E-21
8.79922543569107          9.62937798133665E-21
9.326033468832199         1.1045378955725777E-20
9.88438140350333          1.2586313516795564E-20
10.476157527896651        1.4251006028113077E-20
11.103363181676379        1.603663062666352E-20
11.768119524349979        1.7938731534906543E-20
12.472674708860454        1.9951287068766663E-20
13.219411484660288        2.2066809625091893E-20
14.010855255980173        2.4276472674429743E-20
14.84968262254465         2.6570256367218137E-20
15.738730431619029        2.893710553464351E-20
16.68100537200059         3.136509694618879E-20
17.6796941424003          3.384161572810282E-20
18.73817422860383         3.6353542907483346E-20
19.86002532585912         3.8887456462493126E-20
21.049041445120196        4.142984684493897E-20
22.309243744089834        4.396734503999304E-20
23.64489412645407         4.648695760108188E-20
25.0605096553008          4.8976299697091213E-20
26.560877829466868        5.142381490434313E-20
28.1510727744773          5.3818969832416577E-20
29.836472402833405        5.615241283499498E-20
31.622776601683793        5.84160887604268E-20
